EPS0 = 8.854187817e-12;
clight = 299792458;
Q = 1.60217646e-19;
ME = 9.10938188e-31;
MP = 1.67262158e-27;
